06221565330
06221901069
06221301001
06221437700
06221564446
06221380502
07261976386
06221507900
08006888000
06221567856
06221181918
06221700555
01794883084
06221565391
06221436208
06213921249
06221600888
06221975097
07119561994
06221330333
06221884074
06221182334
06221884018
06221400132
06221402073
06221970363
06221566282
06221564196
06221975050
06221564466
06221756590
06214830345
06221566403
06221181588
06221882550
06221564760
06221901037
06221707065
06221911944
06221895957
06221438296
06221602597
06221410782
06221526520
06221473812
06221334540
06221302030
01805021021
07261976388
06221561767
06221183643
06221528700
06221436223
06221970322
06221526499
06221566452
06221182738
06221901060
06221561332
06221565988
06221980349
08001110111
06221566187
06221564002
06221834984
06221975032
06221402110
06221715599
06221750135
06221565888
08004203040
06221565477
06221149777
06221526416
06221417100
06221564421
06221600292
06221720022
06221784408
06221804429
06221616447
06221164444
06221828170
06221330340
06221978080
06221592275
06221567621
06221911739
08001110550
06221975020
06221184944
06221755168
08003302000
08004050200
06221184290
08001018800
06221911911
07231126995
06221911727
06221417155
01803767346
06221537551
06221568611
06221736650
01726285317
06222922538
06221181309
06221586277
06221412577
06221566914
06221781334
06221307279
06221483292
06221600908
06221712295
08001110222
06221591850
06221848333
06221439961
06221970361
06221337522
90000800105
06221507700
06221537575
06221739210
06221759444
06221603557
06221334541
06221980340
06221862212
01726284659
06221830421
06221422890
06221485755
06222922516
06221600484
06221603558
06221787511
06221485756
06221600804
06221840666
07231126990
06221975022
06221161331
06221833088
06221800316
01621545430
06221483396
06217270734
06221616640
06221302677
06221141024
06211741229
01723685821
08009966009
06221480686
06221537550
06221840740
06221418156
06221804427
06221437131
06223999640
06221836111
06221565652
06221616448
06221564988
06221537540
08005135132
06201268920
08003473637
06221562548
06221374546
06221162563
06221393422
06221131113
06221401155
06221831554
06211741234
06221301856
06221883334
08002255530
06221483298
06222922517
06214830333
06221975044
07112846454
06221566999
06221303811
06221848586
08001110333
06221705946
06221970368
06221600101
01805304505
06221567894
06221302122
06221337524
06221454555
08003020103
06221720101
06221975040
06221565261
06221905240
06221164877
06221526521
08000116016
06221564477
06221783575
06221410000
06221566110
06214314095
